
34.57
34.45
34.65
34.30
35.12
35.41
35.29
35.31
35.40
35.21
35.46 
35.43
35.44
35.65
35.73
35.84
35.67
35.69
35.92
35.77
35.79
35.92
35.81
35.92 
35.98
35.69
35.90
35.87
35.85
36.41
36.19
36.27
36.21
36.29
36.30
36.30
36.41
36.42
36.30
36.36
36.38
36.44
36.45
36.35
36.50
36.13
36.46
36.25 
36.35
36.91
36.79
36.96
36.65
36.62
36.68 
36.61
36.84
36.99 
36.74
36.91
36.67  
36.61
36.72
36.69
36.94
37.35
37.26
37.21
37.47
37.32
37.45
37.40 
37.23 
37.15 
37.37 
37.44 
37.95 
37.87 
37.95 
37.86  
37.92
37.83
38.55
38.38
38.29
38.20
38.15
38.11
38.21
38.95